nodes:
0 265 30
1 265 45
2 225 55
3 235 55
4 255 55
5 280 55
6 265 60
7 270 65
8 290 65
9 240 70
10 295 70
11 230 75
12 300 75
13 220 80
14 420 80
15 430 80
16 245 85
17 310 85
18 440 85
19 450 85
20 235 90
21 285 90
22 320 90
23 460 90
24 240 95
25 290 95
26 325 95
27 455 95
28 225 100
29 230 100
30 295 100
31 300 105
32 435 105
33 450 105
34 460 105
35 465 105
36 470 105
37 335 110
38 445 110
39 455 110
40 480 110
41 485 110
42 220 115
43 225 115
44 475 115
45 300 120
46 450 120
47 460 120
48 465 120
49 470 120
50 345 125
51 455 125
52 480 125
53 485 125
54 490 125
55 215 130
56 280 130
57 440 130
58 445 130
59 475 130
60 250 135
61 350 135
62 450 135
63 460 135
64 465 135
65 470 135
66 495 135
67 225 140
68 455 140
69 480 140
70 485 140
71 490 140
72 280 145
73 410 145
74 445 145
75 475 145
76 515 145
77 210 150
78 355 150
79 430 150
80 450 150
81 460 150
82 465 150
83 470 150
84 495 150
85 225 155
86 435 155
87 440 155
88 455 155
89 480 155
90 485 155
91 490 155
92 155 160
93 220 160
94 475 160
95 100 165
96 115 165
97 145 165
98 150 165
99 170 165
100 200 165
101 460 165
102 465 165
103 470 165
104 495 165
105 520 165
106 105 170
107 110 170
108 175 170
109 195 170
110 205 170
111 215 170
112 225 170
113 240 170
114 260 170
115 265 170
116 270 170
117 275 170
118 280 170
119 455 170
120 480 170
121 485 170
122 490 170
123 95 175
124 220 175
125 255 175
126 475 175
127 100 180
128 120 180
129 125 180
130 130 180
131 135 180
132 140 180
133 190 180
134 460 180
135 465 180
136 470 180
137 85 185
138 90 185
139 205 185
140 210 185
141 215 185
142 235 185
143 260 185
144 265 185
145 270 185
146 275 185
147 480 185
148 485 185
149 95 190
150 105 190
151 110 190
152 115 190
153 160 190
154 220 190
155 250 190
156 255 190
157 325 190
158 475 190
159 100 195
160 120 195
161 125 195
162 130 195
163 135 195
164 140 195
165 145 195
166 150 195
167 155 195
168 80 200
169 85 200
170 90 200
171 165 200
172 200 200
173 205 200
174 210 200
175 215 200
176 235 200
177 260 200
178 265 200
179 270 200
180 330 200
181 370 200
182 95 205
183 105 205
184 110 205
185 115 205
186 160 205
187 250 205
188 255 205
189 100 210
190 120 210
191 125 210
192 130 210
193 135 210
194 140 210
195 145 210
196 150 210
197 155 210
198 380 210
199 80 215
200 85 215
201 90 215
202 165 215
203 205 215
204 235 215
205 245 215
206 260 215
207 265 215
208 95 220
209 105 220
210 110 220
211 115 220
212 160 220
213 200 220
214 340 220
215 395 220
216 400 220
217 100 225
218 120 225
219 125 225
220 130 225
221 135 225
222 140 225
223 145 225
224 150 225
225 155 225
226 80 230
227 85 230
228 90 230
229 165 230
230 170 230
231 180 230
232 185 230
233 195 230
234 95 235
235 105 235
236 110 235
237 115 235
238 160 235
239 200 235
240 225 235
241 100 240
242 120 240
243 125 240
244 130 240
245 135 240
246 140 240
247 145 240
248 150 240
249 155 240
250 175 240
251 190 240
252 220 240
253 85 245
254 90 245
255 165 245
256 170 245
257 180 245
258 185 245
259 195 245
260 450 245
261 95 250
262 105 250
263 110 250
264 115 250
265 160 250
266 340 250
267 100 255
268 120 255
269 125 255
270 130 255
271 135 255
272 140 255
273 145 255
274 150 255
275 155 255
276 175 255
277 190 255
278 220 255
279 360 255
280 90 260
281 165 260
282 170 260
283 180 260
284 185 260
285 365 260
286 95 265
287 105 265
288 110 265
289 115 265
290 160 265
291 100 270
292 120 270
293 125 270
294 130 270
295 135 270
296 140 270
297 145 270
298 150 270
299 155 270
300 230 270
301 270 270
302 275 270
303 375 270
304 465 270
305 470 270
306 165 275
307 330 275
308 445 275
309 105 280
310 110 280
311 115 280
312 385 280
313 35 285
314 120 285
315 125 285
316 130 285
317 135 285
318 140 285
319 230 285
320 275 285
321 450 285
322 455 285
323 470 285
324 235 290
325 285 290
326 445 290
327 475 290
328 460 295
329 35 300
330 85 300
331 250 300
332 330 300
333 335 300
334 450 300
335 455 300
336 465 300
337 470 300
338 480 300
339 80 305
340 95 305
341 235 305
342 340 305
343 445 310
344 460 310
345 475 310
346 45 315
347 75 315
348 410 315
349 450 315
350 455 315
351 465 315
352 470 315
353 480 315
354 485 315
355 40 320
356 100 320
357 235 320
358 305 320
359 315 320
360 415 320
361 435 320
362 440 320
363 345 325
364 420 325
365 445 325
366 460 325
367 475 325
368 55 330
369 450 330
370 455 330
371 465 330
372 470 330
373 480 330
374 485 330
375 45 335
376 145 335
377 235 335
378 425 335
379 435 335
380 440 335
381 270 340
382 350 340
383 445 340
384 460 340
385 475 340
386 240 345
387 255 345
388 450 345
389 455 345
390 465 345
391 470 345
392 480 345
393 485 345
394 150 350
395 430 350
396 435 350
397 440 350
398 445 355
399 460 355
400 475 355
401 155 360
402 450 360
403 455 360
404 465 360
405 470 360
406 480 360
407 225 365
408 230 370
409 405 370
410 440 370
411 445 370
412 460 370
413 475 370
414 170 375
415 450 375
416 455 375
417 465 375
418 470 375
419 215 380
420 235 380
421 390 380
422 140 385
423 460 385
424 210 390
425 395 390
426 415 390
427 485 390
428 245 395
429 470 395
430 240 400
431 250 405
432 260 405
433 380 405
434 395 405
435 415 405
436 220 410
437 230 410
438 235 410
439 370 410
440 385 410
441 390 410
442 400 410
443 470 410
444 490 410
445 125 415
446 130 415
447 200 415
448 205 415
449 375 415
450 410 415
451 120 420
452 355 420
453 360 420
454 365 420
455 380 420
456 395 420
457 350 425
458 370 425
459 385 425
460 390 425
461 400 425
462 405 425
463 420 425
464 465 425
465 115 430
466 375 430
467 410 430
468 135 435
469 180 435
470 345 435
471 395 435
472 415 435
473 425 435
474 175 440
475 385 440
476 390 440
477 400 440
478 405 440
479 420 440
480 130 445
481 410 445
482 395 450
483 415 450
484 425 450
485 125 455
486 380 455
487 390 455
488 400 455
489 405 455
490 420 455
491 155 460
492 295 460
493 345 460
494 385 460
495 410 460
496 120 465
497 370 465
498 395 465
499 415 465
500 425 465
501 335 470
502 340 470
503 350 470
504 400 470
505 405 470
506 420 470
507 345 475
508 355 475
509 410 475
510 120 480
511 140 480
512 150 480
513 360 480
514 415 480
515 130 485
516 280 485
517 375 485
518 380 485
519 405 485
520 420 485
521 385 490
522 390 490
523 410 490
524 145 495
525 150 495
526 265 495
527 285 500
528 400 500
529 405 500
530 275 515
531 285 515
532 410 515
533 280 520
534 415 520
535 185 525
536 325 525
537 190 530
538 285 530
539 320 530
540 420 535
541 180 540
542 290 540
543 315 540
544 310 545
545 140 550
546 145 550
547 420 550
548 105 555
549 295 555
550 300 555
551 215 560
552 310 560
553 95 570
554 90 575
555 115 575
556 225 575
557 305 575
558 415 575
559 310 580
560 405 585
561 420 585
562 220 590
563 225 590
564 425 590
565 230 595
566 430 595
567 435 595
568 85 600
569 105 600
570 220 605
571 225 605
572 440 605
573 230 610
574 235 610
575 445 610
576 85 615
577 220 620
578 225 620
579 230 625
580 365 625
581 445 625
582 85 630
583 90 630
584 100 630
585 215 630
586 450 630
587 210 635
588 225 635
589 370 635
590 110 640
591 200 640
592 230 640
593 120 645
594 450 645
595 125 650
596 130 650
597 135 650
598 160 650
599 175 650
600 425 650
601 230 655
602 375 655
603 450 660
604 425 665
605 235 670
606 340 670
607 370 670
608 240 675
609 390 675
610 395 675
611 400 675
612 410 675
613 420 675
614 245 680
615 350 680
616 255 685
617 260 685
618 270 685
619 330 685
620 335 685
621 280 695
622 300 695
623 325 695

elements:
0 6 4 1 1
1 6 5 1 1
2 7 6 5 1
3 8 7 5 1
4 16 11 9 1
5 20 13 11 1
6 20 16 11 1
7 24 20 16 1
8 27 23 19 1
9 27 19 18 1
10 29 28 20 1
11 29 24 20 1
12 34 27 23 1
13 34 33 27 1
14 35 34 23 1
15 36 35 23 1
16 38 33 32 1
17 39 34 33 1
18 39 38 33 1
19 39 35 34 1
20 41 40 36 1
21 43 29 28 1
22 43 42 28 1
23 44 36 35 1
24 44 40 36 1
25 44 41 40 1
26 46 39 38 1
27 47 39 35 1
28 47 46 39 1
29 48 47 35 1
30 49 44 35 1
31 49 48 35 1
32 51 48 47 1
33 51 47 46 1
34 52 49 44 1
35 53 52 44 1
36 53 44 41 1
37 54 53 41 1
38 55 43 42 1
39 58 51 46 1
40 58 57 46 1
41 59 49 48 1
42 59 52 49 1
43 59 53 52 1
44 62 58 51 1
45 63 51 48 1
46 63 62 51 1
47 64 63 48 1
48 65 59 48 1
49 65 64 48 1
50 66 54 53 1
51 68 63 62 1
52 69 59 53 1
53 69 65 59 1
54 70 69 53 1
55 70 66 53 1
56 71 70 66 1
57 74 62 58 1
58 74 58 57 1
59 74 68 62 1
60 75 69 65 1
61 80 74 68 1
62 81 68 63 1
63 81 80 68 1
64 82 64 63 1
65 82 81 63 1
66 83 75 65 1
67 83 82 64 1
68 83 65 64 1
69 84 71 66 1
70 85 77 67 1
71 86 79 74 1
72 87 80 74 1
73 87 86 74 1
74 88 81 80 1
75 88 87 80 1
76 89 70 69 1
77 89 83 75 1
78 90 71 70 1
79 90 84 71 1
80 90 89 75 1
81 90 75 69 1
82 90 89 69 1
83 90 89 70 1
84 91 90 84 1
85 93 85 77 1
86 94 83 82 1
87 94 89 83 1
88 98 97 92 1
89 99 98 92 1
90 101 88 82 1
91 102 88 82 1
92 102 82 81 1
93 102 88 81 1
94 102 101 82 1
95 102 94 82 1
96 103 102 94 1
97 104 91 84 1
98 104 91 90 1
99 107 106 95 1
100 107 96 95 1
101 110 109 100 1
102 111 110 93 1
103 112 93 85 1
104 112 111 93 1
105 119 101 88 1
106 119 102 101 1
107 120 90 89 1
108 120 94 89 1
109 120 103 94 1
110 121 104 90 1
111 121 120 90 1
112 122 121 104 1
113 123 106 95 1
114 124 112 111 1
115 125 114 113 1
116 126 120 103 1
117 126 103 102 1
118 127 107 106 1
119 127 123 106 1
120 128 107 96 1
121 129 128 96 1
122 132 131 97 1
123 132 98 97 1
124 133 109 108 1
125 134 119 102 1
126 135 134 102 1
127 136 126 102 1
128 136 135 102 1
129 138 137 123 1
130 138 127 123 1
131 139 133 109 1
132 139 110 109 1
133 140 124 111 1
134 140 139 110 1
135 140 111 110 1
136 141 140 124 1
137 142 113 112 1
138 142 124 112 1
139 144 115 114 1
140 144 125 114 1
141 144 143 125 1
142 145 144 115 1
143 145 116 115 1
144 145 117 116 1
145 146 145 117 1
146 146 118 117 1
147 147 121 120 1
148 147 136 126 1
149 148 126 120 1
150 148 147 126 1
151 148 147 120 1
152 148 122 121 1
153 148 147 121 1
154 149 138 127 1
155 150 149 127 1
156 151 127 107 1
157 151 128 107 1
158 151 150 127 1
159 152 129 128 1
160 152 151 128 1
161 154 141 124 1
162 154 142 124 1
163 154 141 140 1
164 155 143 125 1
165 156 144 143 1
166 156 155 143 1
167 158 135 134 1
168 158 136 135 1
169 158 147 136 1
170 158 148 147 1
171 159 150 149 1
172 159 151 150 1
173 160 152 151 1
174 161 130 129 1
175 161 160 152 1
176 161 152 129 1
177 162 131 130 1
178 162 161 130 1
179 163 162 131 1
180 163 132 131 1
181 164 163 132 1
182 165 164 132 1
183 166 165 132 1
184 167 166 153 1
185 169 138 137 1
186 169 149 138 1
187 169 168 137 1
188 170 169 149 1
189 170 159 149 1
190 171 167 153 1
191 173 172 139 1
192 174 154 140 1
193 174 173 139 1
194 174 140 139 1
195 175 174 154 1
196 176 155 142 1
197 176 154 142 1
198 176 175 154 1
199 177 156 144 1
200 177 156 155 1
201 178 145 144 1
202 178 177 144 1
203 179 146 145 1
204 179 178 145 1
205 182 170 159 1
206 182 170 169 1
207 183 159 151 1
208 183 182 159 1
209 184 183 151 1
210 185 184 151 1
211 185 160 151 1
212 185 161 160 1
213 186 171 167 1
214 187 176 155 1
215 187 177 155 1
216 188 187 177 1
217 189 183 182 1
218 189 184 183 1
219 190 185 161 1
220 190 185 184 1
221 191 190 161 1
222 192 191 161 1
223 192 162 161 1
224 192 163 162 1
225 193 192 163 1
226 193 164 163 1
227 194 165 164 1
228 194 193 164 1
229 195 166 165 1
230 195 194 165 1
231 196 195 166 1
232 197 186 167 1
233 197 167 166 1
234 197 196 166 1
235 199 169 168 1
236 200 182 169 1
237 200 199 169 1
238 201 200 182 1
239 201 189 182 1
240 202 186 171 1
241 202 197 186 1
242 203 175 174 1
243 203 174 173 1
244 203 173 172 1
245 205 187 176 1
246 205 204 176 1
247 205 188 187 1
248 206 178 177 1
249 206 188 177 1
250 206 205 188 1
251 207 206 178 1
252 207 179 178 1
253 208 201 189 1
254 208 201 200 1
255 209 208 189 1
256 210 189 184 1
257 210 209 189 1
258 211 190 184 1
259 211 210 184 1
260 211 191 190 1
261 212 202 197 1
262 213 203 172 1
263 217 209 208 1
264 217 210 209 1
265 218 211 191 1
266 218 211 210 1
267 219 218 191 1
268 219 192 191 1
269 220 193 192 1
270 220 219 192 1
271 221 194 193 1
272 221 220 193 1
273 222 221 194 1
274 223 195 194 1
275 223 222 194 1
276 224 212 197 1
277 224 197 196 1
278 224 196 195 1
279 224 223 195 1
280 225 224 212 1
281 226 200 199 1
282 227 226 200 1
283 228 208 200 1
284 228 227 200 1
285 228 217 208 1
286 229 212 202 1
287 229 225 212 1
288 230 229 202 1
289 233 232 213 1
290 234 228 217 1
291 234 228 227 1
292 235 234 217 1
293 236 217 210 1
294 236 235 217 1
295 237 236 210 1
296 237 218 210 1
297 237 219 218 1
298 238 225 224 1
299 238 229 225 1
300 239 233 213 1
301 241 235 234 1
302 241 236 235 1
303 242 237 219 1
304 242 237 236 1
305 243 242 219 1
306 243 220 219 1
307 244 243 220 1
308 244 221 220 1
309 245 222 221 1
310 245 244 221 1
311 246 245 222 1
312 247 223 222 1
313 247 246 222 1
314 248 247 223 1
315 248 224 223 1
316 248 238 224 1
317 249 248 238 1
318 250 238 230 1
319 250 231 230 1
320 250 232 231 1
321 251 233 232 1
322 251 239 233 1
323 251 250 232 1
324 253 234 227 1
325 253 227 226 1
326 254 253 234 1
327 254 241 234 1
328 255 249 238 1
329 255 250 238 1
330 256 238 230 1
331 256 238 229 1
332 256 230 229 1
333 256 255 250 1
334 257 256 250 1
335 257 251 250 1
336 258 257 251 1
337 259 251 239 1
338 259 258 251 1
339 261 254 241 1
340 262 241 236 1
341 262 261 241 1
342 263 262 236 1
343 263 242 236 1
344 264 263 242 1
345 264 243 242 1
346 265 255 249 1
347 265 256 255 1
348 267 262 261 1
349 267 263 262 1
350 268 264 263 1
351 269 244 243 1
352 269 264 243 1
353 269 268 264 1
354 270 269 244 1
355 270 245 244 1
356 271 246 245 1
357 271 270 245 1
358 272 271 246 1
359 273 248 247 1
360 273 247 246 1
361 273 272 246 1
362 274 273 248 1
363 274 265 248 1
364 275 265 248 1
365 275 265 249 1
366 275 249 248 1
367 275 274 265 1
368 276 257 256 1
369 276 258 257 1
370 277 259 258 1
371 280 254 253 1
372 280 261 254 1
373 280 267 261 1
374 281 275 265 1
375 281 276 265 1
376 282 276 265 1
377 282 265 256 1
378 282 276 256 1
379 282 281 276 1
380 283 282 276 1
381 284 276 258 1
382 284 277 258 1
383 284 283 276 1
384 286 280 267 1
385 287 267 263 1
386 287 286 267 1
387 288 268 263 1
388 288 287 263 1
389 289 269 268 1
390 289 288 268 1
391 290 281 275 1
392 290 275 274 1
393 290 282 281 1
394 291 287 286 1
395 291 288 287 1
396 292 289 269 1
397 293 270 269 1
398 293 292 269 1
399 294 293 270 1
400 295 294 270 1
401 295 271 270 1
402 296 295 271 1
403 296 272 271 1
404 297 296 272 1
405 297 273 272 1
406 298 297 273 1
407 298 274 273 1
408 298 290 274 1
409 299 298 290 1
410 306 290 282 1
411 306 299 290 1
412 309 291 288 1
413 310 292 289 1
414 310 289 288 1
415 310 309 288 1
416 311 310 292 1
417 314 311 293 1
418 314 311 310 1
419 315 311 293 1
420 315 293 292 1
421 315 311 292 1
422 315 294 293 1
423 315 314 293 1
424 316 315 294 1
425 316 295 294 1
426 317 296 295 1
427 317 316 295 1
428 318 298 297 1
429 318 317 296 1
430 318 297 296 1
431 320 302 301 1
432 322 321 308 1
433 323 305 304 1
434 323 322 304 1
435 326 321 308 1
436 328 323 322 1
437 328 326 322 1
438 334 322 321 1
439 334 326 321 1
440 334 326 322 1
441 334 328 326 1
442 335 334 328 1
443 336 335 328 1
444 336 328 327 1
445 337 327 323 1
446 337 328 323 1
447 337 328 327 1
448 337 336 327 1
449 338 337 327 1
450 340 339 330 1
451 341 331 324 1
452 342 333 332 1
453 343 334 326 1
454 344 336 335 1
455 345 344 336 1
456 345 337 336 1
457 345 338 337 1
458 349 335 334 1
459 349 343 334 1
460 349 344 335 1
461 350 349 344 1
462 351 350 344 1
463 352 345 344 1
464 352 351 344 1
465 353 345 338 1
466 353 352 345 1
467 354 353 338 1
468 362 349 343 1
469 362 361 343 1
470 364 361 360 1
471 365 362 349 1
472 365 362 361 1
473 366 350 349 1
474 366 365 349 1
475 366 351 350 1
476 367 352 351 1
477 367 353 352 1
478 368 355 346 1
479 369 366 365 1
480 370 369 366 1
481 371 367 366 1
482 371 370 366 1
483 372 366 351 1
484 372 367 366 1
485 372 367 351 1
486 372 371 367 1
487 373 354 353 1
488 373 372 367 1
489 374 373 354 1
490 374 373 353 1
491 374 373 367 1
492 374 367 353 1
493 375 368 355 1
494 378 364 361 1
495 379 378 361 1
496 379 365 361 1
497 380 369 365 1
498 380 379 365 1
499 383 370 369 1
500 383 380 369 1
501 383 380 379 1
502 384 383 370 1
503 384 371 370 1
504 385 384 371 1
505 385 372 371 1
506 385 373 372 1
507 388 384 383 1
508 389 388 384 1
509 390 385 384 1
510 390 389 384 1
511 391 390 385 1
512 392 385 374 1
513 392 391 385 1
514 393 374 373 1
515 393 385 374 1
516 393 385 373 1
517 393 392 374 1
518 395 379 378 1
519 396 395 379 1
520 396 383 379 1
521 397 396 383 1
522 397 388 383 1
523 398 397 388 1
524 398 389 388 1
525 398 397 396 1
526 399 390 389 1
527 399 398 389 1
528 400 392 391 1
529 400 393 392 1
530 402 399 398 1
531 403 402 399 1
532 404 399 391 1
533 404 400 391 1
534 404 403 399 1
535 405 399 391 1
536 405 391 390 1
537 405 399 390 1
538 405 404 400 1
539 406 400 393 1
540 406 405 400 1
541 410 402 398 1
542 411 410 402 1
543 412 411 403 1
544 412 404 403 1
545 413 405 404 1
546 413 412 404 1
547 413 406 405 1
548 415 411 410 1
549 415 412 411 1
550 416 411 403 1
551 416 403 402 1
552 416 411 402 1
553 416 415 412 1
554 417 416 412 1
555 417 413 412 1
556 418 417 413 1
557 419 408 407 1
558 420 419 408 1
559 423 416 415 1
560 423 417 416 1
561 423 418 417 1
562 429 423 418 1
563 431 430 428 1
564 432 431 428 1
565 438 437 430 1
566 438 431 430 1
567 440 434 433 1
568 441 440 434 1
569 442 435 434 1
570 442 441 434 1
571 449 439 433 1
572 449 440 433 1
573 450 442 435 1
574 451 446 445 1
575 453 452 439 1
576 454 449 439 1
577 454 453 439 1
578 455 449 440 1
579 456 455 440 1
580 456 441 440 1
581 456 442 441 1
582 456 450 442 1
583 457 453 452 1
584 458 454 449 1
585 458 455 449 1
586 458 454 453 1
587 458 457 453 1
588 459 456 455 1
589 460 459 456 1
590 461 460 456 1
591 461 456 450 1
592 462 461 450 1
593 463 462 450 1
594 466 458 455 1
595 466 459 455 1
596 467 462 461 1
597 467 463 462 1
598 471 461 460 1
599 471 467 461 1
600 472 467 463 1
601 473 472 463 1
602 475 466 459 1
603 475 460 459 1
604 475 471 460 1
605 476 475 471 1
606 477 471 467 1
607 477 476 471 1
608 478 477 467 1
609 478 472 467 1
610 479 473 472 1
611 481 478 477 1
612 481 478 472 1
613 481 479 472 1
614 482 476 475 1
615 482 477 476 1
616 483 481 479 1
617 484 483 479 1
618 484 479 473 1
619 487 482 475 1
620 487 486 475 1
621 488 482 481 1
622 488 487 482 1
623 489 482 477 1
624 489 482 481 1
625 489 481 477 1
626 489 483 481 1
627 489 488 481 1
628 490 484 483 1
629 494 487 486 1
630 495 489 483 1
631 495 490 483 1
632 497 494 486 1
633 498 488 487 1
634 498 494 487 1
635 498 495 488 1
636 499 495 490 1
637 500 490 484 1
638 500 499 490 1
639 502 501 493 1
640 503 502 493 1
641 504 498 495 1
642 505 489 488 1
643 505 495 489 1
644 505 495 488 1
645 505 499 495 1
646 505 504 495 1
647 506 500 499 1
648 507 502 501 1
649 507 503 502 1
650 508 507 503 1
651 509 505 499 1
652 509 506 499 1
653 513 508 497 1
654 513 508 507 1
655 514 509 506 1
656 519 509 505 1
657 519 505 504 1
658 519 514 509 1
659 520 514 506 1
660 521 518 517 1
661 522 521 518 1
662 523 519 514 1
663 523 520 514 1
664 524 515 511 1
665 524 512 511 1
666 525 524 512 1
667 528 522 519 1
668 528 523 519 1
669 528 522 521 1
670 529 528 523 1
671 531 530 527 1
672 532 529 528 1
673 533 531 530 1
674 538 533 531 1
675 538 533 530 1
676 541 537 535 1
677 543 539 536 1
678 550 549 542 1
679 552 550 544 1
680 559 557 552 1
681 561 560 558 1
682 563 562 556 1
683 565 563 562 1
684 567 566 564 1
685 570 565 562 1
686 571 570 565 1
687 572 567 566 1
688 573 571 565 1
689 574 573 565 1
690 575 572 567 1
691 577 573 570 1
692 578 573 571 1
693 578 573 570 1
694 578 571 570 1
695 578 577 573 1
696 579 574 573 1
697 579 578 573 1
698 583 582 576 1
699 585 579 577 1
700 587 585 577 1
701 588 579 578 1
702 588 578 577 1
703 588 579 577 1
704 588 587 585 1
705 588 585 579 1
706 592 588 579 1
707 595 593 590 1
708 596 595 593 1
709 597 596 593 1
710 613 612 604 1
711 617 616 614 1
712 620 619 606 1
713 620 615 606 1
